(TA2836:0.00000,((((((Spleta:0.00001,TA1133:0.00003):0.00003,
TA0060:0.00002):0.00003,((((AE918:0.00000,TA1796:0.00001):0.00001,
PI487232:0.00001):0.00025,(TA0941:0.00005,(TA944:0.00002,
TA1485:0.00001):0.00003):0.00007):0.00015,((((Clae57:0.00011,
((TA1926:0.00002,(TA1837:0.00000,TA1841:0.00001):0.00003):0.00001,
((TA1995:0.00008,TA1980:0.00004):0.00002,(TA1996:0.00003,
TA1924:0.00003):0.00005):0.00001):0.00000):0.00062,AL8/78:0.00073):0.00024,
PI428335:0.00076):0.00048,Barley:0.00965):0.00077):0.00027):0.00009,
TA0073:0.00002):0.00001,(PI520121:0.00000,PI520121:0.00000):0.00001):0.00000,
TA2801:0.00002):0.00000,Chinese:0.00000);
